#1

# Heading: New European Drive Cycle (NEDC)
#    column 1 - time [s]
#    column 2 - desired speed [km/h]
double Cycle(171,3)
    0.0      0.0     1
    1.1e1    0.0     1
    1.5e1    1.5e1   1
    2.3e1    1.5e1   1
    2.8e1    0.0     1
    4.9e1    0.0     1
    5.4e1    1.5e1   1
    5.5e1    1.5e1   1
    5.5e1    1.5e1   2
    5.6e1    1.5e1   2
    6.1e1    3.2e1   2
    8.5e1    3.2e1   2
    9.3e1    9.87    2
    9.4e1    6.44    2
    9.4e1    6.44    1
    9.6e1    0.0     1
    1.17e2    0.0   1
    1.22e2    1.5e1   1
    1.23e2    1.5e1   1
    1.24e2    1.5e1   1
    1.24e2    1.5e1   2
    1.33e2    3.5e1   2
    1.34e2    3.5e1   2
    1.34e2    3.5e1   3
    1.35e2    3.5e1   3
    1.43e2    5.0e1   3
    1.55e2    5.0e1   3
    1.63e2    3.5e1   3
    1.76e2    3.5e1   3
    1.77e2    3.5e1   3
    1.77e2    3.5e1   2
    1.84e2    1.3e1   2
    1.85e2    9.87    2
    1.85e2    9.87    1
    1.88e2    0.0     1
    2.06e2    0.0     1
    2.1e2     1.5e1   1
    2.18e2    1.5e1   1
    2.23e2    0.0     1
    2.44e2    0.0     1
    2.49e2    1.5e1   1
    2.5e2     1.5e1   1
    2.51e2    1.5e1   1
    2.51e2    1.5e1   2
    2.56e2    3.2e1   2
    2.8e2     3.2e1   2
    2.87e2    1.27e1  2
    2.88e2    9.87    2
    2.88e2    9.87    1
    2.91e2    0.0     1
    3.12e2    0.0     1
    3.17e2    1.5e1   1
    3.18e2    1.5e1   1
    3.18e2    1.5e1   2
    3.19e2    1.5e1   2
    3.28e2    3.5e1   2
    3.29e2    3.5e1   2
    3.29e2    3.5e1   3
    3.3e2     3.5e1   3
    3.38e2    5.0e1   3
    3.5e2     5.0e1   3
    3.58e2    3.5e1   3
    3.71e2    3.5e1   3
    3.72e2    3.5e1   3
    3.72e2    3.5e1   2
    3.79e2    1.3e1   2
    3.8e2     9.87    2
    3.8e2     9.87    1
    3.83e2    0.0     1
    4.01e2    0.0     1
    4.05e2    1.5e1   1
    4.13e2    1.5e1   1
    4.18e2    0.0     1
    4.39e2    0.0     1
    4.44e2    1.5e1   1
    4.45e2    1.5e1   1
    4.45e2    1.5e1   2
    4.46e2    1.5e1   2
    4.51e2    3.2e1   2
    4.75e2    3.2e1   2
    4.82e2    1.27e1  2
    4.83e2    9.87    2
    4.83e2    9.87    1
    4.86e2    0.0     1
    5.07e2    0.0   1
    5.12e2    1.5e1   1
    5.13e2    1.5e1   1
    5.13e2    1.5e1   2
    5.14e2    1.5e1   2
    5.23e2    3.5e1   2
    5.24e2    3.5e1   2
    5.24e2    3.5e1   3
    5.25e2    3.5e1   3
    5.33e2    5.0e1   3
    5.45e2    5.0e1   3
    5.53e2    3.5e1   3
    5.66e2    3.5e1   3
    5.67e2    3.5e1   3
    5.67e2    3.5e1   2
    5.74e2    1.3e1   2
    5.75e2    9.87    2
    5.75e2    9.87    1
    5.78e2    0.0     1
    5.96e2    0.0     1
    6.0e2     1.5e1   1
    6.08e2    1.5e1   1
    6.13e2    0.0     1
    6.34e2    0.0     1
    6.39e2    1.5e1   1
    6.4e2     1.5e1   1
    6.4e2     1.5e1   2
    6.41e2    1.5e1   2
    6.46e2    3.2e1   2
    6.7e2     3.2e1   2
    6.77e2    1.27e1  2
    6.78e2    9.87    2
    6.78e2    9.87    1
    6.81e2    0.0     1
    7.02e2    0.0     1
    7.07e2    1.5e1   1
    7.08e2    1.5e1   1
    7.08e2    1.5e1   2
    7.09e2    1.5e1   2
    7.18e2    3.5e1   2
    7.19e2    3.5e1   2
    7.19e2    3.5e1   3
    7.2e2     3.5e1   3
    7.28e2    5.0e1   3
    7.4e2     5.0e1   3
    7.48e2    3.5e1   3
    7.61e2    3.5e1   3
    7.62e2    3.5e1   3
    7.62e2    3.5e1   2
    7.69e2    1.3e1   2
    7.7e2     9.87    2
    7.7e2     9.87    1
    7.73e2    0.0     1
    8.0e2     0.0     1
    8.05e2    1.5e1   1
    8.06e2    1.5e1   1
    8.06e2    1.5e1   2
    8.07e2    1.5e1   2
    8.16e2    3.5e1   2
    8.17e2    3.5e1   2
    8.17e2    3.5e1   3
    8.18e2    3.5e1   3
    8.26e2    5.0e1   3
    8.27e2    5.0e1   3
    8.27e2    5.0e1   4
    8.28e2    5.0e1   4
    8.41e2    7.0e1   4
    8.42e2    7.0e1   4
    8.42e2    7.0e1   5
    8.91e2    7.0e1   5
    8.99e2    5.0e1   5
    9.0e2     5.0e1   5
    9.0e2     5.0e1   4
    9.68e2    5.0e1   4
    9.81e2    7.0e1   4
    1.031e3   7.0e1   4
    1.032e3   7.0e1   4
    1.032e3   7.0e1   5
    1.066e3   1.0e2   5
    1.096e3   1.0e2   5
    1.116e3   1.2e2   5
    1.126e3   1.2e2   5
    1.15e3    5.0e1   5
    1.15e3    5.0e1   1
    1.16e3    0.0     1
    1.183e3   0.0     1
    1.184e3   0.0     1
